336 528 16
0 22 384
0 131 778
0 271 794
1 188 387
1 157 650
1 123 363
2 75 691
2 22 764
2 82 541
3 72 173
3 184 212
3 285 568
4 106 783
4 179 863
4 111 68
5 298 930
5 194 23
5 263 70
6 232 394
6 298 12
6 109 230
7 295 422
7 313 785
7 100 199
8 66 316
8 22 414
8 196 92
9 289 957
9 146 863
9 17 997
10 141 306
10 23 85
10 121 337
11 305 847
11 113 314
11 311 125
12 81 583
12 103 815
12 300 435
13 166 44
13 264 88
13 314 277
14 320 789
14 267 404
14 255 755
15 36 933
15 104 677
15 108 740
16 17 227
16 95 587
16 96 95
96 176 540
96 177 796
176 178 571
176 335 435
17 18 379
17 97 468
18 19 602
18 98 98
19 20 903
19 99 318
20 21 493
20 100 653
21 22 757
21 101 302
22 23 281
22 102 287
23 24 442
23 103 866
24 25 690
24 104 445
25 26 620
25 105 441
26 27 730
26 106 32
27 28 118
27 107 98
28 29 772
28 108 482
29 30 676
29 109 710
30 31 928
30 110 568
31 32 857
31 111 498
32 33 354
32 112 587
33 34 966
33 113 307
34 35 684
34 114 220
35 36 625
35 115 529
36 37 872
36 116 733
37 38 830
37 117 504
38 39 20
38 118 271
39 40 369
39 119 709
40 41 716
40 120 341
41 42 150
41 121 797
42 43 724
42 122 619
43 44 246
43 123 847
44 45 452
44 124 922
45 46 556
45 125 380
46 47 489
46 126 765
47 48 229
47 127 842
48 49 351
48 128 194
49 50 501
49 129 35
50 51 765
50 130 125
51 52 915
51 131 988
52 53 857
52 132 744
53 54 492
53 133 228
54 55 366
54 134 860
55 56 937
55 135 433
56 57 552
56 136 438
57 58 229
57 137 276
58 59 408
58 138 475
59 60 122
59 139 859
60 61 396
60 140 30
61 62 238
61 141 236
62 63 794
62 142 819
63 64 429
63 143 144
64 65 12
64 144 929
65 66 530
65 145 777
66 67 405
66 146 444
67 68 764
67 147 614
68 69 539
68 148 607
69 70 841
69 149 905
70 71 819
70 150 129
71 72 689
71 151 370
72 73 918
72 152 918
73 74 997
73 153 325
74 75 744
74 154 471
75 76 184
75 155 491
76 77 500
76 156 773
77 78 726
77 157 645
78 79 591
78 158 506
79 80 140
79 159 955
80 81 787
80 160 670
81 82 83
81 161 543
82 83 465
82 162 198
83 84 508
83 163 356
84 85 805
84 164 349
85 86 612
85 165 623
86 87 829
86 166 300
87 88 344
87 167 747
88 89 569
88 168 341
89 90 423
89 169 312
90 91 811
90 170 606
91 92 802
91 171 662
92 93 731
92 172 879
93 94 306
93 173 321
94 95 737
94 174 445
95 175 627
97 178 523
97 179 466
98 180 709
98 181 417
99 182 283
99 183 259
100 184 925
100 185 638
101 186 63
101 187 625
102 188 601
102 189 37
103 190 453
103 191 900
104 192 380
104 193 551
105 194 469
105 195 72
106 196 974
106 197 132
107 198 882
107 199 931
108 200 934
108 201 895
109 202 661
109 203 164
110 204 200
110 205 982
111 206 900
111 207 997
112 208 960
112 209 774
113 210 814
113 211 669
114 212 191
114 213 96
115 214 927
115 215 467
116 216 85
116 217 341
117 218 91
117 219 685
118 220 377
118 221 543
119 222 937
119 223 108
120 224 446
120 225 757
121 226 180
121 227 419
122 228 888
122 229 413
123 230 349
123 231 173
124 232 660
124 233 10
125 234 337
125 235 211
126 236 343
126 237 588
127 238 207
127 239 302
128 240 714
128 241 373
129 242 322
129 243 256
130 244 820
130 245 600
131 246 722
131 247 905
132 248 940
132 249 812
133 250 941
133 251 668
134 252 706
134 253 229
135 254 128
135 255 151
136 256 985
136 257 659
137 258 921
137 259 225
138 260 423
138 261 270
139 262 397
139 263 82
140 264 631
140 265 85
141 266 293
141 267 973
142 268 673
142 269 851
143 270 626
143 271 386
144 272 223
144 273 300
145 274 641
145 275 43
146 276 899
146 277 714
147 278 299
147 279 191
148 280 525
148 281 591
149 282 210
149 283 582
150 284 820
150 285 337
151 286 733
151 287 156
152 288 995
152 289 5
153 290 380
153 291 770
154 292 274
154 293 777
155 294 851
155 295 256
156 296 861
156 297 143
157 298 580
157 299 885
158 300 994
158 301 206
159 302 622
159 303 568
160 304 505
160 305 614
161 306 962
161 307 755
162 308 327
162 309 260
163 310 945
163 311 203
164 312 203
164 313 507
165 314 785
165 315 22
166 316 843
166 317 869
167 318 529
167 319 190
168 320 873
168 321 909
169 322 959
169 323 499
170 324 37
170 325 809
171 326 754
171 327 249
172 328 304
172 329 334
173 330 134
173 331 649
174 332 891
174 333 755
175 334 568
175 335 747
177 179 369
178 180 530
179 181 501
180 182 47
181 183 789
182 184 798
183 185 250
184 186 991
185 187 304
186 188 34
187 189 364
188 190 498
189 191 254
190 192 893
191 193 687
192 194 126
193 195 153
194 196 997
195 197 976
196 198 189
197 199 158
198 200 730
199 201 437
200 202 461
201 203 415
202 204 922
203 205 461
204 206 305
205 207 29
206 208 28
207 209 51
208 210 749
209 211 557
210 212 903
211 213 795
212 214 698
213 215 700
214 216 44
215 217 40
216 218 3
217 219 429
218 220 404
219 221 501
220 222 682
221 223 648
222 224 539
223 225 160
224 226 152
225 227 536
226 228 135
227 229 340
228 230 693
229 231 216
230 232 128
231 233 505
232 234 630
233 235 50
234 236 965
235 237 286
236 238 430
237 239 344
238 240 336
239 241 178
240 242 901
241 243 239
242 244 972
243 245 950
244 246 290
245 247 368
246 248 989
247 249 293
248 250 796
249 251 744
250 252 145
251 253 830
252 254 391
253 255 683
254 256 341
255 257 542
256 258 570
257 259 827
258 260 233
259 261 262
260 262 43
261 263 361
262 264 118
263 265 24
264 266 762
265 267 82
266 268 310
267 269 191
268 270 426
269 271 997
270 272 368
271 273 678
272 274 235
273 275 691
274 276 627
275 277 525
276 278 58
277 279 615
278 280 169
279 281 206
280 282 359
281 283 313
282 284 387
283 285 101
284 286 347
285 287 727
286 288 995
287 289 917
288 290 553
289 291 579
290 292 530
291 293 947
292 294 291
293 295 648
294 296 971
295 297 52
296 298 81
297 299 632
298 300 594
299 301 858
300 302 628
301 303 313
302 304 887
303 305 215
304 306 356
305 307 513
306 308 91
307 309 413
308 310 480
309 311 611
310 312 970
311 313 190
312 314 275
313 315 356
314 316 642
315 317 621
316 318 434
317 319 988
318 320 889
319 321 339
320 322 567
321 323 771
322 324 285
323 325 857
324 326 418
325 327 607
326 328 261
327 329 850
328 330 238
329 331 206
330 332 60
331 333 218
332 334 519
333 335 946
177 334 784
