44 79 4
0 10 384
0 39 778
0 19 794
0 16 387
0 25 650
1 31 363
1 23 691
1 10 764
1 30 541
1 20 173
2 12 212
2 33 568
2 14 783
2 7 863
2 19 68
3 22 23
3 11 70
3 20 394
3 6 12
4 5 230
4 13 374
4 14 422
14 24 920
14 25 785
24 26 538
24 43 199
5 6 325
5 15 316
6 7 371
6 16 414
7 8 527
7 17 92
8 9 981
8 18 957
9 10 874
9 19 863
10 11 171
10 20 997
11 12 282
11 21 306
12 13 926
12 22 85
13 23 328
15 26 337
15 27 506
16 28 847
16 29 730
17 30 314
17 31 858
18 32 125
18 33 896
19 34 583
19 35 546
20 36 815
20 37 368
21 38 435
21 39 365
22 40 44
22 41 751
23 42 88
23 43 809
25 27 277
26 28 179
27 29 789
28 30 585
29 31 404
30 32 652
31 33 755
32 34 400
33 35 933
34 36 61
35 37 677
36 38 369
37 39 740
38 40 13
39 41 227
40 42 587
41 43 95
25 42 540
